6.198469
0.938131
3.475968
3.544732
7.707042
4.330599
-3.135319
-4.246887
5.867809
-1.497707
3.171420
3.830731
-0.519585
3.535790
-3.055120
-0.551332
4.146448
-0.595940
2.295213
-1.721979
-1.079889
1.939201
7.851071
4.375242
8.410626
-5.056609
3.714539
-1.881012
-2.001054
-3.510933
-3.948052
-2.262210
5.231042
-5.868419
-1.125277
2.496989
6.613881
5.982698
2.332457
-0.014130
3.664064
-3.610336
4.064081
9.301061
3.126595
-0.047527
-1.701070
-3.867523
2.865155
-1.098610
-13.173131
-2.751757
-4.800800
3.085651
-5.463831
-2.820031
5.064276
1.436184
-2.536681
3.239571
1.454943
9.081400
-0.314877
1.189647
7.114482
8.601742
2.649490
-5.806935
3.713250
0.828575
-4.258202
5.213804
7.274604
3.887231
2.944848
-1.785389
0.484700
-1.845148
4.357937
-0.081834
-0.229145
-0.573025
-4.138348
-0.838697
2.234682
5.812137
7.114533
5.950885
-0.701225
-4.328062
11.083115
-1.167837
4.297705
1.011468
6.444078
2.450784
-3.250651
1.820504
1.837706
2.305111
3.677492
-0.149049
-12.075883
5.311833
-3.901131
2.439816
4.200113
3.367582
-0.153587
1.716907
-4.750533
3.879053
4.905759
-1.630637
0.948365
10.937740
0.709059
4.109857
4.948383
3.893852
4.168842
4.158494
-5.521964
2.435189
-6.136387
-2.212564
1.412112
2.170142
0.977487
0.598620
-0.409752
3.349067
3.341104
-3.940444
4.239270
1.136630
4.647188
-11.953094
7.653714
-0.891679
0.047261
0.223382
2.844949
-1.973668
8.371007
-1.286702
-4.277828
3.710830
-3.414084
1.366344
9.807554
5.709936
-6.522066
-2.810018
0.676404
-1.245877
-1.410888
-2.295975
-3.606103
5.494845
-2.415226
0.971128
0.979390
-4.772939
1.019461
-4.645723
-1.385416
1.785434
0.867854
1.744343
-1.937634
-3.839067
-0.236715
3.441278
-0.233955
-2.465164
2.735468
2.737055
2.245058
0.719193
3.386368
1.523870
2.037481
-5.103854
-1.061463
6.509578
2.795823
-3.162305
10.491063
-3.049650
5.623128
10.550508
9.204958
0.711004
10.099814
-2.025114
-3.416264
-2.679333
9.182870
5.478803
-0.136744
-3.137702
-3.657240
-6.602227
4.563155
2.078351
-1.315609
-2.881662
-0.435568
-0.343056
-5.338357
2.422217
7.571568
-7.200860
0.026623
-1.100125
4.200055
-0.201161
-0.875182
-1.154250
-0.987636
7.082204
2.779855
1.561291
4.610420
-0.270864
-5.129574
-2.469054
1.424576
-0.712846
0.176463
-0.269275
6.894290
3.079731
1.914003
3.368243
1.264359
-2.299812
2.243893
1.558172
1.279488
1.748578
2.510887
-0.543385
1.907710
-0.725497
3.943544
2.302603
1.883489
4.779937
6.159323
-0.943408
1.639206
2.587051
-5.225160
-3.772307
1.821371
-2.921208
5.545066
-1.337369
-1.188896
2.019775
0.473074
1.242929
6.727423
-2.061390
3.143861
-2.139711
-2.514540
-2.660742
4.374038
5.885499
-2.821398
0.350941
3.142347
5.714567
-1.708682
2.012465
-1.792451
3.257355
2.332826
-7.516898
-0.402071
0.011366
2.839851
-1.507138
-4.646566
-0.981033
4.816640
2.287261
4.264723
0.816879
1.420110
1.320683
1.250644
-5.102645
0.923741
-3.029586
5.157120
-2.068846
-0.870562
-2.137316
4.610076
0.982060
0.248005
4.598867
4.195707
2.829439
6.414765
2.735552
1.853251
2.064426
-3.363883
-0.194721
-4.979417
1.372332
1.453087
-1.469606
-7.473467
-3.834815
2.557312
0.177492
5.248805
4.161858
-7.912482
-0.969394
4.161852
3.924942
1.789779
5.594386
8.246845
1.747305
-4.429027
-1.133291
6.183653
1.594812
2.677494
2.683481
2.081660
3.238730
-1.855384
3.811705
-4.134691
8.504848
-5.609109
4.238725
2.698445
4.156120
-0.158415
2.131748
2.701468
-0.874089
5.534568
-2.284599
-4.743377
-7.383332
-1.381493
1.761477
-4.910477
3.498515
6.218805
-2.790638
1.495584
-0.349130
6.584601
-3.274255
9.273608
-0.085665
1.029531
-2.751074
1.308878
8.097086
-10.209037
1.776653
11.470592
-3.113560
8.499331
3.886197
-0.765919
2.885682
-0.220835
5.772296
5.085910
0.501117
5.838091
4.887301
2.683903
6.576441
0.566890
-3.290723
-11.954612
2.319039
-5.124212
1.926701
1.180216
4.789537
-1.413155
3.982733
6.413294
-1.302716
-0.851647
2.012645
10.192332
-1.365378
2.201717
-2.299204
-7.160192
0.779862
-0.730326
0.249329
3.020903
-2.026619
-1.039009
4.017950
5.336047
-1.149574
-1.694409
4.003817
2.915964
2.116181
-5.145723
4.998341
0.407820
-4.958853
-2.565547
9.066615
4.378174
2.243344
-3.730821
2.083117
3.761138
4.451294
3.927741
2.342113
-2.918053
0.277184
8.610040
-1.664595
2.057628
1.177504
1.602568
-1.774815
-5.360187
-1.701439
5.650526
0.249985
0.274617
7.412488
-3.319225
4.944901
-0.431719
6.521852
5.252160
-4.150017
5.162222
-6.130300
-0.875029
0.028312
-3.775183
4.060140
-4.062376
2.197702
-3.334730
4.541789
10.795652
7.776057
7.496694
1.028704
-1.967753
0.387908
3.476804
-2.130691
1.269787
-3.484576
1.834123
-2.233463
-4.426536
7.365558
2.833313
1.480978
6.895551
1.110083
1.854017
1.818533
2.803810
7.399182
0.759740
0.609446
3.062370
0.923155
3.338186
-0.229785
11.883369
-3.228980
-0.279587
-10.463446
-3.939224
3.013031
8.239048
1.477658
9.076230
-2.747292
0.290543
0.911491
-0.397568
3.900884
3.685036
3.748404
-0.501493
0.657161
8.725310
1.714067
2.725244
2.384855
5.616042
2.773673
5.166923
-1.496750
8.329889
5.022166
3.094656
0.641409
1.153439
-9.090967
-0.122605
6.326396
1.765401
0.975095
-11.624336
-0.662493
-3.419046
3.376630
2.554785
-2.175130
6.238204
-3.990928
2.636733
-3.364875
2.835711
2.826893
-6.140881
-6.732958
-1.731009
2.481731
5.764239
7.125656
-0.061721
1.782808
1.646182
-2.154754
3.386581
-2.595747
0.109154
-7.532679
-1.107188
0.817344
3.853903
6.004477
2.787350
6.467721
-0.827998
3.085567
3.755839
2.401297
5.027076
4.574043
3.548417
2.787310
3.024939
-1.679134
-3.216575
1.843022
0.160784
-0.699903
-0.733537
0.710953
-0.920356
-2.421367
-3.172198
-1.596488
10.516048
2.848994
-4.268650
5.950264
2.414112
-1.710155
1.519543
-1.646019
-1.329716
3.402483
0.972069
-0.353159
0.851167
-2.247007
3.873344
-5.516441
-0.980041
2.112056
-6.892531
-0.616723
0.324163
-7.086181
6.442854
6.109133
-0.454846
4.026311
-1.017468
-3.004520
7.385929
8.388128
-4.358558
6.480640
2.028072
-2.871142
-4.018718
1.421719
-4.479732
0.905237
3.884762
-1.859992
-6.073386
-2.584261
1.819210
4.106809
8.355649
8.267148
4.198820
-1.153661
-0.671301
-8.394841
-0.148886
7.381694
1.166025
4.426164
-6.713117
1.940097
2.109684
-3.335432
-1.083754
3.982199
-1.514435
-6.063590
4.755955
-0.981729
-3.685437
2.519811
-2.290413
-5.072241
0.219749
2.582673
2.652748
-0.242142
-3.142460
1.754337
3.398846
6.576565
4.409384
9.732284
5.804294
6.916347
-4.963228
-5.343207
-3.347183
-1.907662
2.378261
3.244048
2.256262
3.713088
3.434332
-0.792113
7.192124
0.327956
0.310011
1.442899
3.707736
-1.003601
-4.278259
-4.132538
4.509613
-0.599119
-3.236341
-1.828939
-0.145723
3.953263
8.616087
2.076819
-2.221829
0.392620
-3.316646
4.024319
4.307134
1.208745
2.669671
-1.600743
-3.647366
1.232862
0.210853
-1.187946
6.257258
4.832339
-5.852117
-3.529031
-0.557494
2.619803
-0.285514
1.460667
5.040500
1.994214
-1.366914
-6.772850
2.179035
7.195336
-1.269751
1.551637
4.766247
-5.326729
5.277292
-2.736751
-1.028590
4.824950
4.708623
-4.515802
3.011154
-1.866385
0.286707
-3.037011
5.903327
2.529586
3.749375
1.295902
6.796540
4.642456
-3.653688
3.134607
11.405820
-6.399147
-2.602393
-3.724315
6.624732
0.555097
-5.347985
-6.331169
-3.734839
7.900314
-2.871186
7.013276
11.972300
0.525616
5.371622
-5.014878
0.131580
1.368798
12.361360
-1.167712
1.577164
-7.699892
-4.601472
5.728011
1.813254
7.616140
5.183204
-2.767131
-2.827618
5.461864
-2.812360
3.451700
7.311320
0.485204
1.356032
-2.746323
-10.013304
-3.864943
8.091803
3.683922
2.887280
9.674192
0.722602
1.825163
-5.426016
-5.914395
-0.803874
-1.526189
3.378165
2.391685
2.551149
-2.433627
1.764444
6.682241
0.787476
3.220514
6.931546
-0.519480
13.647273
4.775045
0.690461
4.405932
-0.448766
-1.830948
-0.653133
3.874956
-0.568073
-0.426242
-1.151274
-6.141642
3.687863
-1.314765
-0.294933
-6.501002
10.323611
0.449604
1.273776
-4.417202
0.994582
5.013648
0.881150
-4.670908
-1.022663
4.017442
1.309913
2.187506
-1.384650
-0.100649
8.114282
0.629071
-2.832832
3.857491
-0.857964
6.801564
6.838089
4.043776
-4.683256
9.795177
-1.535089
-1.844497
-3.785095
0.154874
3.603274
2.021302
2.442052
2.799040
1.398646
3.045768
-5.045324
0.970644
0.690342
-0.012756
-0.678123
-3.332286
2.074684
4.275676
-5.961067
-7.089391
-2.254061
-0.529213
1.087106
1.995157
1.137856
2.855539
3.819170
-0.707739
2.118266
-7.070497
2.695611
-2.828319
3.391844
1.407337
11.380480
0.264154
-7.050008
0.601138
1.769551
-4.296416
-1.454910
9.674653
4.163169
3.667562
2.239987
7.025711
13.760185
2.010510
4.013245
-2.302691
6.815541
0.083574
3.104822
3.442206
-1.173864
4.554719
0.424046
3.388299
4.111926
5.596238
5.407504
-5.871487
7.038383
-1.773497
-1.465621
-0.823519
-2.392008
-4.224369
-1.834439
1.452755
-1.166195
0.957328
-4.091353
0.132532
10.144887
0.718944
-1.077887
-5.449130
1.855584
-3.101577
-6.389222
3.082697
-0.499577
0.315907
-1.131622
1.561467
0.795988
-10.660356
3.107002
-2.631945
0.190031
0.619943
5.731844
0.388278
0.731903
6.323776
4.660943
-0.839363
4.609785
-0.118445
1.027510
-1.601744
-7.933273
-1.248535
1.923010
2.888300
-0.340787
2.827127
3.205340
2.809012
1.865026
-3.880335
-0.084526
-0.175294
-2.731625
4.734372
-0.094948
9.472453
-4.215677
7.489166
3.316816
4.452798
0.074793
-1.018276
0.973066
-1.745758
3.970166
-3.223597
3.390008
-2.814511
1.091982
5.395656
6.963778
-2.014793
-0.661421
5.930109
-2.667169
3.613895
3.313577
-0.207118
6.003433
3.003056
-2.910463
7.410376
-3.272863
0.243990
2.753107
-1.639131
6.294231
-3.868225
-4.512514
-0.502684
0.814224
-5.559744
0.656612
0.511366
2.920553
5.279048
0.882604
0.986244
-3.229927
8.151429
-1.237436
-2.922590
1.831816
2.414173
2.075946
4.705008
